5
10
0
4
4
9
1
8
2
2
5
10
6
8
3
8
1
4
9
7
1
0
1
0
0
9
1
6
3
6
8
5
3
8
2
0
8
5
9
2
7
5
4
2
4
0
3
9
6
1
3
8
10
2
8
2
8
5
10
9
5
8
2
2
10
10
9
4
8
8
2
10
1
6
2
5
6
7
0
3
10
2
1
5
1
1
0
0
7
1
10
2
0
1
0
2
8
9
5
4
5
9
2
5
2
6
6
6
4
4
8
0
8
2
6
10
0
4
4
9
8
1
7
3
7
6
8
9
6
3
8
1
9
7
2
4
7
10
6
2
10
1
9
1
0
3
6
0
1
4
6
8
5
0
5
3
10
9
3
2
5
10
2
2
2
1
7
3
10
1
6
8
9
0
3
9
6
2
1
9
5
6
9
6
6
4
10
10
4
4
9
10
3
8
7
0
10
9
5
7
4
1
6
10
1
7
1
7
3
3
2
3
1
10
2
10
9
3
7
10
7
7
6
4
7
8
3
2
3
10
1
9
3
4
7
9
6
7
7
3
5
1
9
5
4
0
4
8
0
6
10
8
1
9
8
6
2
9
5
7
9
0
5
9
7
4
8
3
6
7
5
8
0
6
7
1
2
3
9
3
1
4
6
8
5
10
3
2
5
6
4
5
4
0
1
0
8
9
10
7
9
2
9
4
3
8
2
8
10
5
6
4
2
2
2
6
10
6
2
10
9
2
6
8
5
9
7
1
4
6
3
3
5
4
2
6
3
1
0
10
7
7
5
9
10
0
9
7
9
5
9
5
