8
2
5
2
5
7
10
5
0
5
4
1
4
9
3
10
0
5
5
8
4
3
2
8
4
4
7
2
5
4
10
6
5
3
8
8
9
6
1
8
5
8
10
6
0
7
2
1
0
3
7
4
10
2
8
9
8
9
9
7
6
1
9
1
2
5
2
6
5
9
4
0
4
2
4
6
4
4
10
5
0
7
1
4
9
1
0
5
7
1
6
8
8
7
6
7
5
6
6
9
9
0
1
5
6
9
7
3
10
4
3
4
10
7
2
10
10
6
6
7
5
0
8
2
5
4
1
10
3
0
9
6
2
0
1
0
2
7
3
9
8
8
1
4
9
9
6
6
5
9
0
6
8
9
2
0
7
10
5
3
3
5
7
8
3
6
9
1
5
5
9
8
1
6
10
0
2
5
3
7
5
3
9
9
0
0
10
0
4
0
7
4
5
8
7
10
9
3
2
8
0
7
2
0
8
9
1
9
3
8
8
4
5
8
0
5
8
3
7
0
8
2
0
4
7
7
0
3
6
9
5
1
8
6
9
8
2
9
1
7
1
1
0
9
2
3
7
10
10
3
8
10
10
5
8
7
2
5
2
3
5
9
9
2
9
5
10
10
8
5
10
8
4
6
4
2
10
5
10
2
7
4
2
10
4
2
3
5
2
5
0
2
3
5
8
0
7
8
2
8
4
3
7
0
8
5
9
3
10
10
2
9
6
4
2
10
7
10
7
1
7
10
3
8
2
