-39
-1
40
47
-5
7
4
11
6
4
18
1
33
49
-44
-13
-37
-28
45
2
32
-37
21
-39
40
-5
-40
-4
-2
12
-36
-41
-48
16
34
-1
10
-13
36
28
13
-41
21
-40
17
-35
50
-43
20
-38
-13
5
46
1
3
8
-46
-45
31
-45
-9
-35
15
28
-30
-44
12
-29
-27
13
6
29
-12
-12
20
-8
44
-20
-7
43
45
-19
9
-41
-22
-30
-7
-17
4
1
-2
8
-25
-6
-40
-24
29
-5
-7
16
-48
-26
32
0
22
-26
2
-24
29
-4
-27
-50
45
-14
-1
34
1
-2
-34
-12
38
50
-8
-32
3
-40
-48
18
45
-7
-36
31
-16
29
-46
31
-45
49
-43
-8
-40
39
11
6
30
-34
8
2
-36
49
38
43
-27
49
17
-28
-44
24
36
48
-47
12
-9
45
-46
-17
-29
-47
-50
-15
47
-7
-25
47
-36
-19
-6
-29
4
4
40
-33
5
4
10
-40
-24
-33
18
-40
31
-31
-48
-26
32
16
-11
-41
-49
15
6
-10
32
30
-5
8
49
37
40
-25
-35
11
11
5
22
10
36
-22
-35
39
-10
39
21
44
0
-44
13
31
4
1
34
-37
36
-49
4
35
-9
-6
-18
4
0
45
-5
19
20
-4
-20
1
-17
-36
44
43
-33
43
-20
-22
40
-20
37
28
47
46
-35
10
-32
32
13
13
4
-10
-25
-24
24
19
-6
-40
28
-48
-21
-20
7
15
49
12
-2
-3
20
9
34
-43
-7
20
-25
14
-33
-48
-9
-37
-12
45
9
-25
42
41
31
-13
-48
-17
20
-7
-12
-31
-13
12
42
23
-49
-29
48
-23
-7
15
-21
-31
23
26
15
-43
-27
-21
45
22
-46
-17
49
44
-25
-14
40
27
-3
-7
14
-2
33
-50
22
29
-1
43
-6
-19
-34
-43
-38
