-6
-17
13
5
9
-6
16
-24
-35
-41
35
7
-5
-28
19
-37
-24
-48
40
-38
-1
6
-20
0
-10
-7
-36
-12
-1
-44
-6
40
44
-25
33
5
-23
-44
-35
-24
-13
2
8
30
-8
-47
-1
40
15
28
0
39
32
-18
-2
1
-7
-40
0
7
-47
0
-33
45
-14
-38
42
8
-38
-18
40
2
-31
-47
-20
46
-29
22
-43
-32
0
-31
-24
26
-30
5
-37
-44
7
-45
44
-2
-33
37
-14
5
-35
15
20
-10
5
37
-7
-8
8
-44
-14
19
-25
-37
14
-4
34
15
-25
37
31
40
-49
-24
-14
29
-16
34
9
43
-33
-12
41
36
-36
-42
11
-10
4
-49
-33
43
-4
23
16
21
33
-11
46
26
18
23
-42
-21
-24
-41
41
-11
28
2
49
-17
-48
-28
41
33
37
3
17
-16
-34
13
0
-31
29
49
32
-15
-19
-13
32
2
20
19
-14
22
39
39
3
-10
48
31
9
-33
50
-32
-34
-18
8
8
-49
15
41
-26
46
32
-14
17
32
17
-15
-10
14
-36
6
-26
-41
-43
20
4
-24
-30
-5
-9
-36
-13
3
-20
-41
12
47
-27
41
-23
15
17
5
4
-17
-1
-25
-1
29
42
-30
-38
-18
-36
-50
31
25
-1
-2
36
35
-7
30
6
-11
21
-16
8
16
28
36
-45
-8
47
35
-39
39
31
34
39
-32
20
-19
-2
-1
48
-45
-14
39
-23
42
33
42
-32
42
-31
-32
34
-22
43
-15
48
37
8
33
17
-3
27
38
32
-3
49
-7
-14
4
-17
12
-2
-14
17
7
40
-47
-21
-1
-13
-36
38
-50
40
30
-13
11
-19
-48
-48
41
-12
21
-34
-14
30
45
-9
39
-17
